0.14567192568153875
0.21460494885438874
0.3010920551092656
0.4023796969835875
0.5122760182057848
0.6365298192327665
0.7719567823055221
0.9137724780793521
1.0814742931524937
1.2493172932802532
1.4429445973841815
1.6463526127910073
1.8556508700366432
2.0910227955950766
2.327650785542537
2.456589891446166
2.5597070195385236
2.8140683876270645
3.092621413471819
3.3185923906464585
3.5601290725204695
3.818096070072398
4.093362110685498
4.3365876170343105
4.540578511370576
4.753199796111763
4.974688244131413
5.2052709022049735
5.445162564007777
5.6945639184158905
5.887966938634431
6.019966662102865
6.15444088524228
6.291407387229833
6.430882560778052
6.572881508081672
6.717417588033671
6.864502254052985
7.014145641909211
7.166355948816757
7.321139798580448
7.478501065663362
7.63844282119905
7.800965472969743
7.966067599817079
8.133745750458306
8.303994327115852
8.47680595172114
8.652170792508848
8.830077333510273
9.01051170320768
9.193458078907337
9.378898509260239
9.566813253880023
9.757180622220924
9.949976803284642
10.145176232727596
10.342751548655913
10.542673545907368
10.744911581318998
10.949433550021665
11.15620516502809
11.36519141024951
11.576355842645517
11.789660442660194
12.00506665797555
12.222534074230222
12.44202219451197
12.663489096504112
12.886892631791186
13.112189543568222
13.33933656314742
13.568289636390105
13.799004394434615